Best-fit model: 2*loglike = 3.5245

b: 4.99667
q: 0.696168
theta: 90.8757
xc: 0.90068
yc: 0.303763
shear1: 0.019636
shear2: 0.101284

