Best-fit model: 2*loglike = 3.62181

b: 4.99979
q: 0.694045
theta: 90.4783
xc: 0.90853
yc: 0.296015
shear1: 0.0194123
shear2: 0.101161

