Best-fit model: 2*loglike = 3.22933

b: 5.00077
q: 0.691122
theta: 90.2446
xc: 0.910283
yc: 0.295311
shear1: 0.020327
shear2: 0.100332

